((("camera" .
   [1 0 0 0 0 0])
  ("get_image" .
   [0 0 0 1 0 0 0 0 0])
  ("date" .
   [1 0 0 0])
  ("clamShellClose" .
   [1 0 0 0 0 0 0 0 0 0 0 0 0 0])
  ("LIB" .
   [1 0 0])
  ("app" .
   [0 0 1])
  ("PICS" .
   [3 0 0 0])
  ("elt" .
   [1 0 0])
  ("Photos" .
   [2 0 0 0 0 0])
  ("var" .
   [1 0 0])
  ("ARGV" .
   [2 0 0 0])
  ("log" .
   [4 0 0])
  ("console" .
   [4 0 0 0 0 0 0])
  ("argv" .
   [3 0 0 0])
  ("ARGS" .
   [1 0 0 0])
  ("/dev/null" .
   [2 0 0 0 0 0 0 1 0])
  ("timer" .
   [2 0 0 0 0])
  ("task" .
   [1 0 0 0])
  ("syncwait" .
   [0 0 1 0 0 0 0 0])
  ("sleep" .
   [1 0 0 0 0])
  ("times" .
   [2 0 0 0 0])
  ("limitsec" .
   [1 0 0 0 0 0 0 0])
  ("callback" .
   [0 0 1 1 0 0 0 0])
  ("return" .
   [5 0 0 0 0 1])
  ("timeout" .
   [1 0 0 0 1 0 0])
  ("status" .
   [1 0 0 1 0 0])
  ("elasped" .
   [0 0 0 1 0 0 2])
  ("local" .
   [3 0 0 0 0])
  ("hello" .
   [1 0 0 0 0])
  ("gulp" .
   [3 0 0 0])
  ("/bin/sh" .
   [1 0 0 0 0 0 0])
  ("install" .
   [1 0 0 0 0 0 0])
  ("npm" .
   [1 0 0])
  ("//bin/" .
   [0 0 2 0 0 0])
  ("export" .
   [2 0 0 0 0 0])
  ("savefile" .
   [0 0 1 0 0 0 0 0])
  ("basename" .
   [1 0 0 0 0 0 0 0])
  ("download_etc" .
   [0 0 0 0 0 0 0 0 0 1 0 0])
  ("ETCDIR" .
   [1 0 0 0 0 0])
  ("downloadetc" .
   [1 0 0 0 0 0 0 0 0 0 0])
  ("/etc/bashrc" .
   [0 0 0 0 0 0 0 1 0 0 0])
  ("cask" .
   [2 0 0 0])
  ("-o" .
   [1 0])
  ("curl" .
   [1 0 0 0])
  ("KIBANA4" .
   [4 0 0 0 0 0 0])
  ("-f" .
   [1 0])
  ("cp" .
   [1 0])
  ("httpd" .
   [2 0 0 0 0])
  ("/vagrant/elasticsearch/etc/elasticsearch.repo" .
   [0 0 0 0 0 0 0 0 0 0 0 0 2 0 0 0 0 0 0 0 0 0 0 0 0 0 0 0 1 0 0 0 0 0 0 0 0 0 0 0 0 0 0 0 0])
  ("RPMDIR/kibana-3.1.2.tar.gz" .
   [1 0 0 0 0 0 0 0 0 0 0 0 0 0 0 0 0 0 0 0 0 0 0 0 0 0])
  ("/etc/yum.repos.d/" .
   [1 0 0 0 0 0 0 0 0 0 0 0 0 0 0 0 0])
  ("/etc/yum.repos.d" .
   [0 0 0 0 0 0 0 0 1 0 0 0 0 0 0 0])
  ("/vagrant/" .
   [0 0 0 0 0 0 1 0 0])
  ("json" .
   [1 0 0 0])
  ("to_json" .
   [1 0 0 0 0 0 0])
  ("cql" .
   [1 0 0])
  (":tab" .
   [1 0 0 0])
  ("list" .
   [3 0 0 0])
  ("recs" .
   [1 0 0 0])
  ("push" .
   [1 0 0 0])
  ("join" .
   [3 0 0 0])
  ("rows" .
   [2 0 0 0])
  ("puts" .
   [2 0 0 0])
  ("get" .
   [4 0 0])
  ("ret" .
   [14 0 0])
  ("str" .
   [5 0 0])
  ("4567" .
   [1 0 0 0])
  ("ruby:2.1.5" .
   [1 0 0 0 1 0 0 0 0 0])
  ("run" .
   [2 0 0])
  ("docker" .
   [1 0 0 0 1 0])
  ("4567:80" .
   [2 0 0 0 0 0 0])
  ("done" .
   [1 0 0 0])
  ("false" .
   [2 0 0 0 0])
  ("include?" .
   [1 0 0 0 0 0 0 0])
  ("text" .
   [2 0 0 0])
  ("do" .
   [1 0])
  ("words" .
   [4 0 0 0 0])
  ("word" .
   [2 0 0 0])
  ("initialize" .
   [0 0 0 0 0 0 1 0 0 0])
  ("it" .
   [1 0])
  ("filter" .
   [1 0 0 0 0 0])
  ("to" .
   [1 0])
  ("true" .
   [2 0 0 0])
  ("detect?" .
   [1 0 0 0 0 0 0])
  ("def" .
   [2 0 0])
  ("end" .
   [15 0 0])
  ("MessageFilter" .
   [0 0 0 0 0 0 0 1 0 0 0 0 0])
  ("comlete-me" .
   [0 0 0 2 0 0 0 0 0 0])
  ("comlete-you" .
   [0 0 0 0 1 0 0 0 0 0 0])
  ("buffer" .
   [0 0 0 0 0 1])
  ("defining-kbd-macro" .
   [0 0 0 1 0 1 1 0 0 0 0 0 0 0 0 0 0 0])
  ("Default" .
   [0 0 0 1 0 0 0])
  ("node" .
   [3 0 0 0])
  ("alias" .
   [3 0 0 0 0])
  ("then" .
   [3 0 0 0])
  ("file://" .
   [0 0 3 0 0 0 0])
  ("sudo" .
   [11 0 0 0])
  ("echo" .
   [11 0 0 0])
  ("RPMDIR" .
   [1 0 0 0 0 0])
  ("users" .
   [7 0 0 0 0])
  ("erb" .
   [1 0 0])
  ("doc" .
   [0 0 2])
  ("gem" .
   [4 0 0])
  ("group" .
   [2 0 0 0 0])
  (":doc" .
   [1 0 0 0])
  ("brew" .
   [1 0 0 0])
  ("function" .
   [4 0 0 0 0 0 0 0])
  ("es2015" .
   [0 0 0 1 0 0])
  ("***" .
   [1 0 0])
  ("script.js" .
   [0 0 0 0 1 0 0 0 0])
  ("img" .
   [4 0 0])
  ("/Applications/" .
   [0 0 1 0 0 0 0 0 0 0 0 0 0 0])
  ("IMG" .
   [3 0 0])
  ("Path" .
   [1 0 0 0])
  ("./file.template" .
   [0 0 1 0 0 0 0 0 0 0 0 0 0 0 0])
  ("import" .
   [1 0 0 0 0 0])
  ("time" .
   [1 0 0 0])))
